Summer:

DayLight:

LC 95,94,75  (91, 90, 72) (95,94,76)
AC 64,64,64  (62, 62, 62) (58, 58, 58)
P 25.00
Y 55.00                                Поменялся на 40
SC 34,39,45               (34, 39, 45) Собственная поменялась на 0,9,15
IC 0,48,70                (0, 32, 64)  Падающая на 24,30,35

PreLight:

LC 76,76,76  (70, 70, 70) (72, 72, 72) (32, 32, 32)
AC 64,64,64  (64, 64, 64) (60, 60, 60) (60, 60, 60)
SC 55,58,60  (67, 64, 61) (57, 55, 53) (58, 55, 52)
SAC 52,54,56 (36, 35, 34) (54, 53, 52) (27, 26, 24)
p 85.00      ( 88.00 )


moonlight:

LC 55, 83, 111
AC 7, 22, 39
SC 17, 39, 66
IC 27, 56, 80   (21, 44, 62)

Pitch 75
Yaw 215
Pitch shadow: 40









Winter:

Daylight:

LC 70,70,69
AC 50,50,50
P 35.00
Y 55.00
SC 31,36,44
IC 9,43,70


Pre-light:

LC 72,72,68
AC 64,64,64
SC 56,58,61
SAC 63,63,63

Moon-light:

LC 35, 52, 71
AC 11, 19, 28
SC 14, 31, 52
ISC 15, 35, 55
P 80
yaw 215
SP 60
SY 215


SunSet:

LC 66, 63, 57
AC 50, 50, 50
SC 10, 13, 14
ISC 37, 47, 48
pitch 45
Yaw 215
SP 60
SY 215






Africa:

Daylight:

LC 69,68,61
AC 64,64,64
P 25.00
Y 55.00         Поменялся на 40
SC 15,22,32     Собственная поменялась на 0,12,23
ISC 0,58,130

Pre-light

LC 77,77,77
AC 63,63,63
SC 61,58,56
SCA 55,55,55
P 88

moon light:

Lc 39, 58, 78    (37, 55, 75)              (35, 52, 71)
Ac 5, 16, 29     (4, 15, 28)  (10, 15, 28) (10, 16, 29)
Sc 14, 31, 52    (13, 28, 47)              (14, 31, 52)
ISC 21, 44, 62   (14, 33, 48) (15, 35, 55) (15, 35, 55)  

P 80

SHP 40                        50






Spring:

Daylight:

LC 90,90,88 ( 99, 99, 97 )
AC 54,54,54 ( 45, 45, 45 )
P 30.00       35
SC 28,35,47    ( 9, 19, 34 )
ISC 11,70,136  ( 22, 46, 71 ) (37, 47, 56)

Yaw 55



Pre-light:

LC 72,72,68      0, 0, 0
AC 64,64,64      64, 64, 64
SC c             50, 52, 61
SAC 38,39,40     27, 26, 24

Autumn :

Daylight:

LC 93,92,74
AC 58,58,58
SC 34,39,45
ISC 0,48,70

Water:

Pre:

LC 68,123,89
AC 9,51,51
SC 12,50,50
SAC 20,2,2 